{
 "cells": [
  {
   "cell_type": "code",
   "execution_count": 1,
   "metadata": {},
   "outputs": [
    {
     "data": {
      "text/html": [
       "<style>pre { white-space: pre !important; }</style>"
      ],
      "text/plain": [
       "<IPython.core.display.HTML object>"
      ]
     },
     "metadata": {},
     "output_type": "display_data"
    },
    {
     "data": {
      "text/html": [
       "<style>pre { white-space: pre !important; }</style>"
      ],
      "text/plain": [
       "<IPython.core.display.HTML object>"
      ]
     },
     "metadata": {},
     "output_type": "display_data"
    },
    {
     "data": {
      "text/html": [
       "<style>pre { white-space: pre !important; }</style>"
      ],
      "text/plain": [
       "<IPython.core.display.HTML object>"
      ]
     },
     "metadata": {},
     "output_type": "display_data"
    }
   ],
   "source": [
    "import os.path\n",
    "from scipy import *\n",
    "import numpy as np\n",
    "from numpy import *\n",
    "from numpy import linalg as LA\n",
    "from scipy import linalg as LA2\n",
    "import sympy as sympy\n",
    "import sys as sys\n",
    "from fractions import Fraction\n",
    "import time\n",
    "import matplotlib.pyplot as plt\n",
    "import itertools as it\n",
    "from IPython.core.display import HTML\n",
    "\n",
    "\n",
    "sys.path.append('/Users/sashacurcic/SashasDirectory/ANAG/FV_MG/')\n",
    "from Modules import BasicTools as BT\n",
    "from Modules import WaveTools as WT\n",
    "from Modules import PlotTools as PT\n",
    "from Modules import FFTTools as FFTT\n",
    "from Modules import OperatorTools as OT\n",
    "from Modules import GridTransferTools as GTT\n",
    "from Modules import TestTools as TT\n",
    "from Modules import SolverTools as ST\n",
    "from Modules import WaveformTools as WFT\n",
    "\n",
    "display(HTML(\"<style>pre { white-space: pre !important; }</style>\"))\n",
    "np.set_printoptions( linewidth = 10000, threshold = 100000)"
   ]
  },
  {
   "cell_type": "code",
   "execution_count": 2,
   "metadata": {},
   "outputs": [],
   "source": [
    "nh = 8\n",
    "refRatio = 2\n",
    "refCells = 3"
   ]
  },
  {
   "cell_type": "code",
   "execution_count": 3,
   "metadata": {},
   "outputs": [],
   "source": [
    "def OutputThings(waves):\n",
    "    WTW = waves.transpose() @ waves\n",
    "    det = LA.det(WTW)\n",
    "    sym = WTW - WTW.transpose()\n",
    "    WTWinv = LA.inv(WTW)\n",
    "    syminv = WTWinv - WTWinv.transpose()\n",
    "    ID1 = WTWinv @ WTW\n",
    "    ID2 = WTW @ WTWinv\n",
    "    eigs = LA.eigvals(WTW)\n",
    "    print('')\n",
    "    print('W^TW:')\n",
    "    print(np.round(WTW, 14))\n",
    "    print('')\n",
    "    print('determinant =', det)\n",
    "    print('')\n",
    "    print('eigenvalues:')\n",
    "    print(np.round(eigs, 14))\n",
    "    print('')\n",
    "    print('symmetry of W^TW:')\n",
    "    print(np.round(sym, 14))\n",
    "    print('')\n",
    "    print('(W^TW)^-1:')\n",
    "    print(np.round(WTWinv, 14))\n",
    "    print('')\n",
    "    print('symmetry of (W^TW)^-1:')\n",
    "    print(np.round(syminv, 14))\n",
    "    print('')\n",
    "    print('identity 1:')\n",
    "    print(np.round(ID1, 14))\n",
    "    print('')\n",
    "    print('identity 2:')\n",
    "    print(np.round(ID2, 14))\n",
    "    return"
   ]
  },
  {
   "cell_type": "code",
   "execution_count": 4,
   "metadata": {},
   "outputs": [],
   "source": [
    "def DotEach(waves):\n",
    "    iters = np.shape(waves)[1]\n",
    "    print(np.round(waves, 14))\n",
    "    print('')\n",
    "    for k in range(iters):\n",
    "        for j in range(k, iters):\n",
    "            dotprod = np.round(waves[:, k].transpose() @ waves[:, j], 14)\n",
    "            print(str(k) + ' dot ' + str(j) + ': ' + str(dotprod))\n",
    "            print('')\n",
    "    return"
   ]
  },
  {
   "cell_type": "code",
   "execution_count": 5,
   "metadata": {},
   "outputs": [],
   "source": [
    "finehalf = list(np.arange(refCells))\n",
    "omega = BT.Grid(nh)\n",
    "omega.AddPatch(refRatio, finehalf)\n",
    "\n",
    "waves = WT.MakeWaves(omega)\n",
    "nullspace = OT.FindNullspace(omega, waves)\n",
    "wavesMod = waves @ nullspace"
   ]
  },
  {
   "cell_type": "markdown",
   "metadata": {},
   "source": [
    "The results in this cell make sense to me."
   ]
  },
  {
   "cell_type": "code",
   "execution_count": 6,
   "metadata": {
    "scrolled": true
   },
   "outputs": [
    {
     "name": "stdout",
     "output_type": "stream",
     "text": [
      "AMR Waves without Nullspace Treatment:\n",
      "\n",
      "W^TW:\n",
      "[[11.          2.17355586  0.90031632  0.63661977 -0.63661977  0.12430774  0.30010544  0.63661977 -0.          0.07458465 -0.18006326  0.21220659  0.21220659  0.31050798 -0.12861662  0.        ]\n",
      " [ 2.17355586  5.6449278   0.3091803   0.33185799 -1.08159875 -0.34201114 -0.0614757   0.2374103  -0.03912151 -0.06559342 -0.3001708  -0.10435706 -0.03253574  0.48304994 -0.14389237 -0.22801689]\n",
      " [ 0.90031632  0.3091803   5.0265672   1.19775364  0.61228068  0.62254657 -0.34201114  0.09833857  0.09444769  0.43135765  0.06559342  0.05834457 -0.11504742  0.14389237 -0.1952652   0.55048148]\n",
      " [ 0.63661977  0.33185799  1.19775364  4.87534728  0.266213    0.56699787 -1.19825783 -0.40528473 -0.33574887  0.13462188 -0.1885054   0.67547456 -0.40528473 -0.30709629  0.39106089  0.33574887]\n",
      " [-0.63661977 -1.08159875  0.61228068  0.266213    4.87534728  1.24822428  0.4463682   0.40528473 -0.33574887 -0.03810141  0.22848549  0.40528473 -0.67547456  0.49367168  0.05937194  0.33574887]\n",
      " [ 0.12430774 -0.34201114  0.62254657  0.56699787  1.24822428  4.18287729  0.02328145  0.46124288 -1.4880857   0.5311082  -0.39137756 -0.05171413  0.50547904  0.2207189  -0.20059794 -0.25531514]\n",
      " [ 0.30010544 -0.0614757  -0.34201114 -1.19825783  0.4463682   0.02328145  4.22944018  1.11353881  0.61638528  0.39137756 -1.31386332  0.66314118  0.43234421  0.64203575 -0.2207189   0.10575499]\n",
      " [ 0.63661977  0.2374103   0.09833857 -0.40528473  0.40528473  0.46124288  1.11353881  4.45813208  0.          0.27674573 -0.66812329 -0.13509491 -0.13509491  0.03391576 -0.01404837 -0.        ]\n",
      " [-0.         -0.03912151  0.09444769 -0.33574887 -0.33574887 -1.4880857   0.61638528  0.          2.43170841  1.99983433  0.8283585   0.65229594 -0.65229594  0.14125182  0.34101205  0.81056947]\n",
      " [ 0.07458465 -0.06559342  0.43135765  0.13462188 -0.03810141  0.5311082   0.39137756  0.27674573  1.99983433  2.97772451  0.27237198  0.36836808 -1.22577318 -0.37165515  0.0884407   0.34311733]\n",
      " [-0.18006326 -0.3001708   0.06559342 -0.1885054   0.22848549 -0.39137756 -1.31386332 -0.66812329  0.8283585   0.27237198  2.43298055  1.36513698  0.70482205  0.83175099 -0.37165515  0.14212385]\n",
      " [ 0.21220659 -0.10435706  0.05834457  0.67547456  0.40528473 -0.05171413  0.66314118 -0.13509491  0.65229594  0.36836808  1.36513698  2.0701297   0.47989559  0.67382655 -1.10052109 -0.65229594]\n",
      " [ 0.21220659 -0.03253574 -0.11504742 -0.40528473 -0.67547456  0.50547904  0.43234421 -0.13509491 -0.65229594 -1.22577318  0.70482205  0.47989559  2.0701297   1.25465325  0.3017186   0.65229594]\n",
      " [ 0.31050798  0.48304994  0.14389237 -0.30709629  0.49367168  0.2207189   0.64203575  0.03391576  0.14125182 -0.37165515  0.83175099  0.67382655  1.25465325  1.2365581   0.33950572  0.82327592]\n",
      " [-0.12861662 -0.14389237 -0.1952652   0.39106089  0.05937194 -0.20059794 -0.2207189  -0.01404837  0.34101205  0.0884407  -0.37165515 -1.10052109  0.3017186   0.33950572  1.91556955  1.98756389]\n",
      " [ 0.         -0.22801689  0.55048148  0.33574887  0.33574887 -0.25531514  0.10575499 -0.          0.81056947  0.34311733  0.14212385 -0.65229594  0.65229594  0.82327592  1.98756389  2.43170841]]\n",
      "\n",
      "determinant = -2.920474341533709e-72\n",
      "\n",
      "eigenvalues:\n",
      "[12.19226172+0.j  6.93992911+0.j  5.32211685+0.j  4.74318538+0.j  3.27889812+0.j  3.56906924+0.j  7.47956803+0.j  6.14608064+0.j  5.04252776+0.j  3.75749827+0.j  3.38801294+0.j  0.        +0.j -0.        +0.j -0.        -0.j  0.        +0.j  0.        -0.j]\n",
      "\n",
      "symmetry of W^TW:\n",
      "[[0. 0. 0. 0. 0. 0. 0. 0. 0. 0. 0. 0. 0. 0. 0. 0.]\n",
      " [0. 0. 0. 0. 0. 0. 0. 0. 0. 0. 0. 0. 0. 0. 0. 0.]\n",
      " [0. 0. 0. 0. 0. 0. 0. 0. 0. 0. 0. 0. 0. 0. 0. 0.]\n",
      " [0. 0. 0. 0. 0. 0. 0. 0. 0. 0. 0. 0. 0. 0. 0. 0.]\n",
      " [0. 0. 0. 0. 0. 0. 0. 0. 0. 0. 0. 0. 0. 0. 0. 0.]\n",
      " [0. 0. 0. 0. 0. 0. 0. 0. 0. 0. 0. 0. 0. 0. 0. 0.]\n",
      " [0. 0. 0. 0. 0. 0. 0. 0. 0. 0. 0. 0. 0. 0. 0. 0.]\n",
      " [0. 0. 0. 0. 0. 0. 0. 0. 0. 0. 0. 0. 0. 0. 0. 0.]\n",
      " [0. 0. 0. 0. 0. 0. 0. 0. 0. 0. 0. 0. 0. 0. 0. 0.]\n",
      " [0. 0. 0. 0. 0. 0. 0. 0. 0. 0. 0. 0. 0. 0. 0. 0.]\n",
      " [0. 0. 0. 0. 0. 0. 0. 0. 0. 0. 0. 0. 0. 0. 0. 0.]\n",
      " [0. 0. 0. 0. 0. 0. 0. 0. 0. 0. 0. 0. 0. 0. 0. 0.]\n",
      " [0. 0. 0. 0. 0. 0. 0. 0. 0. 0. 0. 0. 0. 0. 0. 0.]\n",
      " [0. 0. 0. 0. 0. 0. 0. 0. 0. 0. 0. 0. 0. 0. 0. 0.]\n",
      " [0. 0. 0. 0. 0. 0. 0. 0. 0. 0. 0. 0. 0. 0. 0. 0.]\n",
      " [0. 0. 0. 0. 0. 0. 0. 0. 0. 0. 0. 0. 0. 0. 0. 0.]]\n",
      "\n",
      "(W^TW)^-1:\n",
      "[[ 1.01562500e-01 -9.80642575e-02  2.37496513e-02 -2.15183045e-02 -6.21972908e-02 -5.08930573e-01  1.83405491e-01 -1.22718463e-02 -1.28961899e+00  8.75546754e-01  3.12155568e-01  8.20644957e-03 -2.46939126e-01  4.45221791e-01  2.98226568e-01 -8.35770768e-02]\n",
      " [-4.06159708e-02 -3.32831516e+13  3.68813396e+13  1.45617930e+14  1.01417998e+13 -4.92395209e+14  3.69895032e+14  1.13502484e+00 -1.08252299e+15  8.20658682e+14  6.16491720e+14 -4.36853790e+14  3.04253995e+13  2.32982061e+14  2.58169377e+14 -3.06987154e+14]\n",
      " [ 2.36202309e-02  4.72562227e+13 -1.46259998e+13  7.68719481e+13 -4.22062422e+13  2.15736087e+14  2.27566949e+14 -3.21048635e-01  2.67453745e+14 -3.59560145e+14  3.79278249e+14 -2.30615844e+14 -1.26618727e+14 -3.30793559e+14 -1.02381999e+14  1.22904195e+14]\n",
      " [-1.21152368e-01 -3.05876398e+13  7.24268608e+13 -4.08152158e+14  3.90197242e+13 -3.94087756e+14 -5.64548898e+14  4.34895526e-01 -7.66898121e+14  6.56812927e+14 -9.40914829e+14  1.22445647e+15  1.17059173e+14  2.14113478e+14  5.06988026e+14  4.30030530e+13]\n",
      " [-6.78428704e-02 -5.14747858e+13 -4.50256789e+12  1.53598787e+14 -6.60133551e+13 -1.04573144e+15  6.29696417e+14  2.30257969e+00 -2.60547191e+15  1.74288573e+15  1.04949403e+15 -4.60796361e+14 -1.98040065e+14  3.60323500e+14 -3.15179752e+13  2.41434030e+14]\n",
      " [-3.45110902e-01 -6.64886855e+14  2.51007189e+14  4.24660661e+14 -7.50683802e+14 -3.62416087e+15  1.72670328e+15  9.34201011e+00 -9.01649309e+15  6.04026811e+15  2.87783881e+15 -1.27398198e+15 -2.25205141e+15  4.65420798e+15  1.75705032e+15 -1.29424300e+15]\n",
      " [ 1.12649979e-01  2.68190329e+14  1.13400295e+14 -5.55574466e+14  4.59452096e+14  1.35007445e+15 -1.26171759e+15 -3.97319254e+00  3.80462055e+15 -2.25012409e+15 -2.10286266e+15  1.66672340e+15  1.37835629e+15 -1.87733230e+15  7.93802064e+14 -5.54312919e+14]\n",
      " [-1.22718463e-02  1.41997243e+00 -4.53170109e-01 -1.40434346e+00  1.54064866e+00  8.93908483e+00 -4.86617452e+00  2.50595424e-01  2.20142823e+01 -1.49475499e+01 -7.93551983e+00  4.29636539e+00  4.69026990e+00 -9.96109946e+00 -3.12383217e+00  2.42002733e+00]\n",
      " [-1.04735359e+00 -1.68176501e+15  4.92754873e+14  1.03486587e+15 -2.06720649e+15 -1.03790914e+16  4.90267102e+15  2.61209516e+01 -2.62690210e+16  1.72984856e+16  8.17111836e+15 -3.10459760e+15 -6.20161946e+15  1.17723551e+16  3.44928411e+15 -1.56588923e+15]\n",
      " [ 5.69921047e-01  1.10814476e+15 -4.18345315e+14 -7.07767768e+14  1.25113967e+15  6.04026811e+15 -2.87783881e+15 -1.56182083e+01  1.50274885e+16 -1.00671135e+16 -4.79639801e+15  2.12330330e+15  3.75341901e+15 -7.75701330e+15 -2.92841721e+15  2.15707166e+15]\n",
      " [ 2.00457878e-01  4.46983881e+14  1.89000491e+14 -9.25957443e+14  7.65753494e+14  2.25012409e+15 -2.10286266e+15 -6.50564317e+00  6.34103425e+15 -3.75020681e+15 -3.50477109e+15  2.77787233e+15  2.29726048e+15 -3.12888717e+15  1.32300344e+15 -9.23854866e+14]\n",
      " [ 3.26641566e-01  9.17629193e+13 -2.17280582e+14  1.22445647e+15 -1.17059173e+14  1.18226327e+15  1.69364669e+15 -1.24685687e+00  2.30069436e+15 -1.97043878e+15  2.82274449e+15 -3.67336942e+15 -3.51177518e+14 -6.42340435e+14 -1.52096408e+15 -1.29009159e+14]\n",
      " [-2.40344150e-01 -1.54424357e+14 -1.35077037e+13  4.60796361e+14 -1.98040065e+14 -3.13719431e+15  1.88908925e+15  6.96556877e+00 -7.81641572e+15  5.22865719e+15  3.14848209e+15 -1.38238908e+15 -5.94120196e+14  1.08097050e+15 -9.45539256e+13  7.24302091e+14]\n",
      " [ 3.39723289e-02  2.32982061e+14 -2.58169377e+14 -1.01932551e+15 -7.09925987e+13  3.44676647e+15 -2.58926522e+15 -8.01264191e+00  7.57766092e+15 -5.74461078e+15 -4.31544204e+15  3.05797653e+15 -2.12977796e+14 -1.63087443e+15 -1.80718564e+15  2.14891008e+15]\n",
      " [ 2.69035618e-01  3.30793559e+14 -1.02381999e+14  5.38103637e+14 -2.95443695e+14  1.51015261e+15  1.59296864e+15 -2.21939428e+00  1.87217621e+15 -2.51692101e+15  2.65494774e+15 -1.61431091e+15 -8.86331086e+14 -2.31555491e+15 -7.16673990e+14  8.60329364e+14]\n",
      " [ 1.53483692e-01  1.09277761e+13  1.89709680e+13  1.93075614e+13  6.70449301e+14  8.97871593e+14 -1.37273928e+15 -2.84438552e+00  4.07492912e+15 -1.49645266e+15 -2.28789879e+15 -5.79226843e+13  2.01134790e+15 -7.64944325e+13  1.32796776e+14 -1.59569068e+15]]\n",
      "\n",
      "symmetry of (W^TW)^-1:\n",
      "[[ 0.00000000e+00 -5.74482867e-02  1.29420381e-04  9.96340638e-02  5.64557966e-03 -1.63819671e-01  7.07555125e-02  0.00000000e+00 -2.42265401e-01  3.05625707e-01  1.11697691e-01 -3.18435117e-01 -6.59497625e-03  4.11249462e-01  2.91909491e-02 -2.37060769e-01]\n",
      " [ 5.74482867e-02  0.00000000e+00 -1.03748830e+13  1.76205570e+14  6.16165856e+13  1.72491645e+14  1.01704703e+14 -2.84947582e-01  5.99242024e+14 -2.87486076e+14  1.69507839e+14 -5.28616709e+14  1.84849757e+14  2.81250000e-01 -7.26241813e+13 -3.17914930e+14]\n",
      " [-1.29420381e-04  1.03748830e+13  0.00000000e+00  4.44508733e+12 -3.77036743e+13 -3.52711025e+13  1.14166654e+14  1.32121474e-01 -2.25301128e+14  5.87851708e+13  1.90277757e+14 -1.33352620e+13 -1.13111023e+14 -7.26241813e+13 -4.68750000e-02  1.03933227e+14]\n",
      " [-9.96340638e-02 -1.76205570e+14 -4.44508733e+12  0.00000000e+00 -1.14579063e+14 -8.18748417e+14 -8.97443159e+12  1.83923899e+00 -1.80176399e+15  1.36458069e+15 -1.49573860e+13 -1.00000000e+00 -3.43737188e+14  1.23343899e+15 -3.11156113e+13  2.36954915e+13]\n",
      " [-5.64557966e-03 -6.16165856e+13  3.77036743e+13  1.14579063e+14  0.00000000e+00 -2.95047635e+14  1.70244321e+14  7.61931027e-01 -5.38265418e+14  4.91746059e+14  2.83740535e+14 -3.43737188e+14  1.56250000e-01  4.31316099e+14  2.63925720e+14 -4.29015270e+14]\n",
      " [ 1.63819671e-01 -1.72491645e+14  3.52711025e+13  8.18748417e+14  2.95047635e+14  0.00000000e+00  3.76628832e+14  4.02925279e-01  1.36259829e+15  0.00000000e+00  6.27714721e+14 -2.45624525e+15  8.85142906e+14  1.20744152e+15  2.46897717e+14 -2.19211459e+15]\n",
      " [-7.07555125e-02 -1.01704703e+14 -1.14166654e+14  8.97443159e+12 -1.70244321e+14 -3.76628832e+14  0.00000000e+00  8.92981983e-01 -1.09805047e+15  6.27714721e+14  1.75000000e+00 -2.69232948e+13 -5.10732962e+14  7.11932923e+14 -7.99166581e+14  8.18426357e+14]\n",
      " [-0.00000000e+00  2.84947582e-01 -1.32121474e-01 -1.83923899e+00 -7.61931027e-01 -4.02925279e-01 -8.92981983e-01  0.00000000e+00 -4.10666933e+00  6.70658420e-01 -1.42987666e+00  5.54322226e+00 -2.27529888e+00 -1.94845755e+00 -9.04437886e-01  5.26441285e+00]\n",
      " [ 2.42265401e-01 -5.99242024e+14  2.25301128e+14  1.80176399e+15  5.38265418e+14 -1.36259829e+15  1.09805047e+15  4.10666933e+00  0.00000000e+00  2.27099716e+15  1.83008411e+15 -5.40529197e+15  1.61479625e+15  4.19469417e+15  1.57710789e+15 -5.64081835e+15]\n",
      " [-3.05625707e-01  2.87486076e+14 -5.87851708e+13 -1.36458069e+15 -4.91746059e+14  0.00000000e+00 -6.27714721e+14 -6.70658420e-01 -2.27099716e+15  0.00000000e+00 -1.04619120e+15  4.09374208e+15 -1.47523818e+15 -2.01240253e+15 -4.11496195e+14  3.65352431e+15]\n",
      " [-1.11697691e-01 -1.69507839e+14 -1.90277757e+14  1.49573860e+13 -2.83740535e+14 -6.27714721e+14 -1.75000000e+00  1.42987666e+00 -1.83008411e+15  1.04619120e+15  0.00000000e+00 -4.48721579e+13 -8.51221604e+14  1.18655487e+15 -1.33194430e+15  1.36404393e+15]\n",
      " [ 3.18435117e-01  5.28616709e+14  1.33352620e+13  1.00000000e+00  3.43737188e+14  2.45624525e+15  2.69232948e+13 -5.54322226e+00  5.40529197e+15 -4.09374208e+15  4.48721579e+13  0.00000000e+00  1.03121156e+15 -3.70031696e+15  9.33468339e+13 -7.10864746e+13]\n",
      " [ 6.59497625e-03 -1.84849757e+14  1.13111023e+14  3.43737188e+14 -1.56250000e-01 -8.85142906e+14  5.10732962e+14  2.27529888e+00 -1.61479625e+15  1.47523818e+15  8.51221604e+14 -1.03121156e+15  0.00000000e+00  1.29394830e+15  7.91777161e+14 -1.28704581e+15]\n",
      " [-4.11249462e-01 -2.81250000e-01  7.26241813e+13 -1.23343899e+15 -4.31316099e+14 -1.20744152e+15 -7.11932923e+14  1.94845755e+00 -4.19469417e+15  2.01240253e+15 -1.18655487e+15  3.70031696e+15 -1.29394830e+15  0.00000000e+00  5.08369269e+14  2.22540451e+15]\n",
      " [-2.91909491e-02  7.26241813e+13  4.68750000e-02  3.11156113e+13 -2.63925720e+14 -2.46897717e+14  7.99166581e+14  9.04437886e-01 -1.57710789e+15  4.11496195e+14  1.33194430e+15 -9.33468339e+13 -7.91777161e+14 -5.08369269e+14  0.00000000e+00  7.27532588e+14]\n",
      " [ 2.37060769e-01  3.17914930e+14 -1.03933227e+14 -2.36954915e+13  4.29015270e+14  2.19211459e+15 -8.18426357e+14 -5.26441285e+00  5.64081835e+15 -3.65352431e+15 -1.36404393e+15  7.10864746e+13  1.28704581e+15 -2.22540451e+15 -7.27532588e+14  0.00000000e+00]]\n",
      "\n",
      "identity 1:\n",
      "[[ 9.93605052e-01 -7.75947376e-03  9.34965320e-04 -1.47888081e-02  3.91397665e-02  3.73675776e-02  2.40978494e-02  1.89106107e-02  4.13881527e-02  7.28914876e-02 -1.66066331e-02 -2.47271862e-02 -2.87470311e-02 -7.42135691e-04  4.05055397e-02  4.57338273e-02]\n",
      " [ 1.23904398e-01  1.13314425e+00  9.00647991e-02 -3.41381534e-02 -1.08014522e-01  6.21281804e-02  4.72980538e-01  2.78177797e-01  3.40082471e-01  6.05311615e-01 -4.00465803e-01  2.94805280e-02  1.01184313e-01  8.12724947e-04  8.94957369e-02  8.91773109e-03]\n",
      " [-3.86542686e-02 -1.52465294e-01  9.98101900e-01  1.43114395e-01  2.88967354e-02  5.12369257e-01 -5.27467093e-01  5.67944885e-03 -6.50119877e-01 -6.12809231e-01 -1.47355544e-01 -3.35092823e-01  2.14052609e-01 -4.18780433e-02  7.45296140e-04 -5.20292033e-02]\n",
      " [-6.66003865e-02 -2.22615113e-02  5.85733830e-02  1.18800273e+00 -4.12908717e-01 -2.52052759e-01  3.03823779e-01 -2.34565283e-01  3.57718424e-01  3.19768972e-01  1.84775462e-01  3.51775900e-01  9.57067540e-02  1.12643055e-01 -3.60524035e-01 -2.16341287e-01]\n",
      " [ 2.47374487e-01  4.77650663e-02  1.19472861e-01  4.94258645e-01  1.26655180e+00  1.26291106e+00  8.91731789e-01  6.67771594e-01 -5.98137776e-01  2.18023664e-01 -1.43853512e+00 -7.45835971e-01  7.54726847e-01  9.36720903e-03  4.76893232e-01  4.06554921e-01]\n",
      " [ 3.21526973e-01  1.35068043e+00  1.09013411e+00  4.08961352e-01  3.74496108e-01  1.31672263e+00 -2.99986915e-01  1.76803189e-01  2.45927452e+00  4.29948474e+00  2.37322345e+00  1.03063380e+00  1.31745874e-01  8.63691979e-01  8.81929261e-01  1.05306421e+00]\n",
      " [-1.82451733e-01 -1.78086145e-01 -1.36924760e+00 -1.11417639e+00 -4.90614745e-01 -1.42903885e-02  1.29987542e+00 -2.49263273e-01 -2.45575518e+00 -3.12776961e+00 -9.35405915e-01 -4.15005104e-01  5.38087297e-01 -4.04717919e-01 -1.33053058e+00 -2.11342993e+00]\n",
      " [ 8.76541973e-03  4.09236506e-03 -3.89736255e-03  2.53916055e-02  6.70225081e-02  1.17604214e-01 -8.72797539e-02  9.57135204e-01 -1.47072473e-01 -1.81401238e-01  1.38664260e-01  8.81272882e-02  1.91578818e-01  1.24504015e-01 -2.90623042e-02 -4.67223302e-03]\n",
      " [ 9.46942248e-01  1.94255158e+00  4.94864349e+00  3.67010175e-01  1.62778312e+00  4.50375427e+00 -1.85100944e+00  1.76368897e+00  1.16772287e+01  2.03196803e+01  1.45991827e+00  2.47623249e+00  1.37146476e+00  1.50224206e+00  4.24318588e+00  4.33629166e+00]\n",
      " [-7.18725719e-01  7.06984747e-01 -1.88219265e+00 -4.38647128e-01  1.45212828e+00 -1.66793062e+00 -3.82674325e-01 -1.03040795e+00 -1.80217737e+00 -3.48530880e+00 -2.70893818e+00 -2.85756148e+00 -4.12140464e+00 -3.52353819e+00 -1.67178441e+00 -2.69859986e+00]\n",
      " [-3.47081008e-01 -1.41617829e-01 -7.77167319e-01 -5.19852721e-01 -1.67849998e+00 -2.30504377e+00 -2.69522034e-01 -1.07334787e+00 -2.70582967e+00 -5.10338507e+00 -3.38615575e-01  4.76086207e-01 -1.45949219e-01 -5.25283832e-01 -2.12394643e+00 -2.65276299e+00]\n",
      " [ 1.47049158e-01  1.05512817e-01 -1.33523092e-01  1.50828556e+00  6.31332401e-01  5.75629987e-01  2.86354498e-01  9.54304753e-01 -5.02576880e-01 -1.21730109e+00 -7.52890991e-01  6.05292956e-01 -1.86022168e-01 -6.45681191e-01  9.08468646e-01  2.87277847e-02]\n",
      " [ 2.71416708e-01 -8.84928128e-02  7.68876909e-01  4.41335886e-01 -3.66784643e-01  8.62711615e-01  1.26080035e+00  1.22691554e+00  2.24811798e+00  4.53545997e+00 -1.29270171e+00 -1.20517377e+00  1.23184639e+00  6.79724483e-02  1.77769845e+00  2.06600868e+00]\n",
      " [-5.26392100e-01 -2.75518380e-01 -1.35113305e-01  5.93925588e-02  1.07652714e+00 -1.44920525e+00 -2.36670781e+00 -1.66185150e+00  1.60732519e-01 -3.26836778e+00  2.13930335e+00  1.99782960e+00 -1.47498349e+00  1.71386893e+00 -1.96183007e+00 -5.63494666e-01]\n",
      " [-1.45375097e-01 -5.86430364e-01  6.05877974e-03  5.55582686e-01  1.03730907e+00  6.74805632e-02  1.02223291e+00  3.95153882e-01  1.10632939e-01 -7.77313513e-01  2.61615323e-01  1.95441550e-01 -1.36473044e-01  2.96582824e-02  6.25907579e-01  8.89618046e-02]\n",
      " [ 1.42723473e-03  2.92234055e-01 -1.01668779e-01  1.35556478e-01 -5.36207642e-01  9.79512442e-01 -7.66471199e-01 -4.41113414e-01 -1.24090478e+00 -2.78939146e-01 -3.33048603e-01  7.50776647e-03 -9.03193259e-01 -7.68671882e-01 -4.21766839e-01  6.86566330e-02]]\n",
      "\n",
      "identity 2:\n",
      "[[ 1.00000000e+00  1.81341839e-04 -1.34331725e-02 -8.49957635e-02  2.45652042e-03  1.00175629e-01  2.57123281e-03 -0.00000000e+00  5.07753252e-01  2.48463958e-01  4.83253445e-02  4.99551334e-02 -3.47869704e-02 -1.37015124e-02 -1.61000097e-01 -1.69166802e-02]\n",
      " [ 0.00000000e+00  1.02171224e+00  2.89201763e-02  1.51881550e-01  1.49823840e-02  3.80634113e-01  2.77458926e-01 -0.00000000e+00  1.43322115e+00  3.26242690e-01  4.30821191e-01  7.76727078e-02 -2.07800736e-01  8.79066400e-02 -1.48434687e-01 -2.02659452e-02]\n",
      " [-0.00000000e+00 -1.08550614e-01  9.79916195e-01  1.63763127e-01 -2.12473829e-01  7.18471596e-02 -2.08126960e-01  0.00000000e+00 -9.68996205e-01  1.06455102e+00 -4.73483193e-01 -3.37744239e-01 -1.43731672e-01 -6.63087475e-02 -3.11429511e-01  2.33312208e-02]\n",
      " [-0.00000000e+00 -2.45270540e-02 -1.82885936e-03  1.91078222e+00 -3.91170612e-02 -5.52705194e-01  5.67244264e-01 -0.00000000e+00  1.16909211e+00 -2.44899361e+00 -6.95891174e-02  9.73849491e-01 -3.43197920e-02 -8.30877107e-01  1.38833998e-01  1.98056478e-01]\n",
      " [-0.00000000e+00 -3.51359568e-02 -3.03503517e-03  1.65379369e-01  1.06798070e+00 -3.27230852e-01  1.54585128e+00 -0.00000000e+00 -5.50951991e+00  1.86271582e+00  1.31142257e+00  6.20214306e-01  2.55723495e-01  1.42795553e+00  6.47968892e-01 -3.48707642e-01]\n",
      " [-0.00000000e+00 -1.70023508e-02  7.05180409e-02  1.96176336e-01 -3.78328310e-01 -1.72002060e+00  2.24268072e-01 -1.00000000e-14 -9.30073409e+00 -1.69601262e+00  1.87066392e+00 -2.88785892e-02  1.15679464e-01 -1.26592896e+00  2.64129684e-01 -5.20487558e-01]\n",
      " [-0.00000000e+00 -5.45838081e-02 -1.53849062e-01 -3.66774000e-02 -4.58358636e-01  3.96483666e-01  1.81845554e+00 -0.00000000e+00 -2.63554210e+00  9.88203879e-01  3.13659259e-01 -9.53414905e-01 -1.18517028e+00  6.34163751e-01 -5.13751671e-01 -3.28971199e-01]\n",
      " [-0.00000000e+00  1.11160091e-01 -2.38132872e-02 -1.69714522e-01  1.98507723e-02  2.57010214e-01 -1.11410824e-01  1.00000000e+00 -1.72022249e-01 -6.00952955e-01 -3.16895187e-01  2.41896392e-01  4.58398598e-01 -4.39693144e-01  1.95999896e-01 -2.67507151e-01]\n",
      " [ 0.00000000e+00  5.06202349e-01 -2.27893420e-01 -3.17399741e-01  5.83158621e-01  2.84878500e+00 -1.82592942e+00 -0.00000000e+00  7.77881481e+00  7.89830610e-01 -1.53678060e+00  5.10287747e-01  7.73154679e-01 -4.56703208e+00 -1.07017812e+00  1.00909522e+00]\n",
      " [ 0.00000000e+00  1.41172433e+00 -3.62378226e-01 -4.63999579e-01  1.24823771e+00  3.41626357e+00 -9.25051720e-01 -1.00000000e-14  1.11100519e+01 -5.29920463e+00 -3.56047729e+00  1.26942637e+00  9.83073453e-01 -8.09995239e+00 -2.58062839e+00  1.72106085e+00]\n",
      " [ 0.00000000e+00  3.26923178e-01  2.47746138e-02  1.75175934e-02  2.69890624e-01 -9.85083935e-01 -3.80985710e-01  0.00000000e+00 -2.72807106e+00  9.10429258e-01  7.55860984e-01  1.85580895e-01  8.23156392e-01 -1.10135733e+00 -2.11651632e-01  4.19513971e-02]\n",
      " [ 0.00000000e+00 -5.50811223e-03 -9.49470315e-02  1.75305613e-01 -8.19723685e-02 -8.28614437e-01  4.90221051e-01  0.00000000e+00 -2.41674453e+00  1.86809886e+00  4.08021536e-01  8.75414486e-01 -6.01880113e-01  4.02486765e-01 -3.07412604e-01  1.32507766e-01]\n",
      " [ 0.00000000e+00  1.34917596e-01  2.84400543e-03  1.77829122e-01  5.81027184e-02  5.04246894e-01  3.14588299e-01 -0.00000000e+00  1.51192850e+00 -4.10819619e-01  8.49994048e-01 -2.68803066e-01  1.65527116e+00 -1.83140894e-02  7.48007969e-02 -2.78193259e-01]\n",
      " [ 0.00000000e+00  1.70047822e-01 -7.44509144e-03  3.04969412e-01  3.12430240e-02 -4.92975366e-02  5.02958861e-01 -0.00000000e+00  1.52799707e+00  8.53714402e-01  1.59401170e+00 -5.61662052e-01  1.15819582e-01  1.41659879e+00 -1.40646146e-01 -5.18671882e-01]\n",
      " [-0.00000000e+00  5.00973011e-02 -6.34896695e-03 -4.76399732e-02  2.47400742e-01  7.66410123e-01 -1.07257923e+00 -0.00000000e+00  1.98419025e+00 -4.68889086e-01  8.71549809e-02  7.92872000e-01  4.93756741e-01  1.03418034e+00  8.98943881e-01  7.82331608e-02]\n",
      " [-0.00000000e+00  1.97558045e-03  3.95882920e-02 -7.05780689e-02  4.22215163e-01  4.45090077e-01 -9.62406966e-01  0.00000000e+00 -2.35392352e+00  3.95493335e+00 -3.76372968e-01  7.08265401e-01 -5.37318062e-01  1.55558411e-01  2.23439252e-01  5.68656633e-01]]\n"
     ]
    }
   ],
   "source": [
    "print('AMR Waves without Nullspace Treatment:')\n",
    "OutputThings(waves)"
   ]
  },
  {
   "cell_type": "code",
   "execution_count": 7,
   "metadata": {},
   "outputs": [
    {
     "name": "stdout",
     "output_type": "stream",
     "text": [
      "[[ 1.          0.19383918  0.97449536  0.37292323  0.90031632  0.52399458  0.7842133   0.63661977  0.63661977  0.70419489  0.47052798  0.72451862  0.30010544  0.69987414  0.13921362  0.63661977]\n",
      " [ 1.          0.55200728  0.82613727  0.90031632  0.37292323  0.92504266 -0.18400243  0.63661977 -0.63661977  0.16522745 -0.83065451 -0.30010544 -0.72451862 -0.59332465 -0.39644686 -0.63661977]\n",
      " [ 1.          0.82613727  0.55200728  0.90031632 -0.37292323  0.18400243 -0.92504266 -0.63661977 -0.63661977 -0.83065451  0.16522745 -0.30010544  0.72451862  0.39644686  0.59332465  0.63661977]\n",
      " [ 1.          0.97449536  0.19383918  0.37292323 -0.90031632 -0.7842133  -0.52399458 -0.63661977  0.63661977  0.47052798  0.70419489  0.72451862 -0.30010544 -0.13921362 -0.69987414 -0.63661977]\n",
      " [ 1.          0.97449536 -0.19383918 -0.37292323 -0.90031632 -0.7842133   0.52399458  0.63661977  0.63661977  0.47052798 -0.70419489 -0.72451862 -0.30010544 -0.13921362  0.69987414  0.63661977]\n",
      " [ 1.          0.82613727 -0.55200728 -0.90031632 -0.37292323  0.18400243  0.92504266  0.63661977 -0.63661977 -0.83065451 -0.16522745  0.30010544  0.72451862  0.39644686 -0.59332465 -0.63661977]\n",
      " [ 1.          0.37292323 -0.90031632 -0.63661977  0.63661977  0.72451862 -0.30010544 -0.63661977 -0.          0.43471117  0.18006326 -0.21220659 -0.21220659  0.05327475  0.12861662  0.        ]\n",
      " [ 1.         -0.37292323 -0.90031632  0.63661977  0.63661977 -0.72451862 -0.30010544  0.63661977  0.         -0.43471117  0.18006326  0.21220659 -0.21220659 -0.05327475  0.12861662  0.        ]\n",
      " [ 1.         -0.90031632 -0.37292323  0.63661977 -0.63661977  0.30010544  0.72451862 -0.63661977 -0.          0.18006326 -0.43471117  0.21220659  0.21220659 -0.12861662  0.05327475  0.        ]\n",
      " [ 1.         -0.90031632  0.37292323 -0.63661977 -0.63661977  0.30010544 -0.72451862  0.63661977  0.          0.18006326  0.43471117 -0.21220659  0.21220659 -0.12861662 -0.05327475  0.        ]\n",
      " [ 1.         -0.37292323  0.90031632 -0.63661977  0.63661977 -0.72451862  0.30010544 -0.63661977 -0.         -0.43471117 -0.18006326 -0.21220659 -0.21220659 -0.05327475 -0.12861662  0.        ]]\n",
      "\n",
      "0 dot 0: 11.0\n",
      "\n",
      "0 dot 1: 2.17355586089227\n",
      "\n",
      "0 dot 2: 0.90031631615711\n",
      "\n",
      "0 dot 3: 0.63661977236758\n",
      "\n",
      "0 dot 4: -0.63661977236758\n",
      "\n",
      "0 dot 5: 0.12430774285935\n",
      "\n",
      "0 dot 6: 0.30010543871903\n",
      "\n",
      "0 dot 7: 0.63661977236758\n",
      "\n",
      "0 dot 8: -0.0\n",
      "\n",
      "0 dot 9: 0.07458464571561\n",
      "\n",
      "0 dot 10: -0.18006326323142\n",
      "\n",
      "0 dot 11: 0.21220659078919\n",
      "\n",
      "0 dot 12: 0.21220659078919\n",
      "\n",
      "0 dot 13: 0.31050798012747\n",
      "\n",
      "0 dot 14: -0.12861661659387\n",
      "\n",
      "0 dot 15: 0.0\n",
      "\n",
      "1 dot 1: 5.64492780194483\n",
      "\n",
      "1 dot 2: 0.3091803007654\n",
      "\n",
      "1 dot 3: 0.33185799086782\n",
      "\n",
      "1 dot 4: -1.08159875384239\n",
      "\n",
      "1 dot 5: -0.34201113856529\n",
      "\n",
      "1 dot 6: -0.06147570487264\n",
      "\n",
      "1 dot 7: 0.23741030088795\n",
      "\n",
      "1 dot 8: -0.03912151412447\n",
      "\n",
      "1 dot 9: -0.06559342287457\n",
      "\n",
      "1 dot 10: -0.30017080349435\n",
      "\n",
      "1 dot 11: -0.10435705908679\n",
      "\n",
      "1 dot 12: -0.03253574356774\n",
      "\n",
      "1 dot 13: 0.48304994442398\n",
      "\n",
      "1 dot 14: -0.14389237172692\n",
      "\n",
      "1 dot 15: -0.22801689408423\n",
      "\n",
      "2 dot 2: 5.02656720041404\n",
      "\n",
      "2 dot 3: 1.19775363586193\n",
      "\n",
      "2 dot 4: 0.61228068237523\n",
      "\n",
      "2 dot 5: 0.62254657225794\n",
      "\n",
      "2 dot 6: -0.34201113856529\n",
      "\n",
      "2 dot 7: 0.09833856647486\n",
      "\n",
      "2 dot 8: 0.09444768997988\n",
      "\n",
      "2 dot 9: 0.43135764924349\n",
      "\n",
      "2 dot 10: 0.06559342287457\n",
      "\n",
      "2 dot 11: 0.0583445692714\n",
      "\n",
      "2 dot 12: -0.11504742472218\n",
      "\n",
      "2 dot 13: 0.14389237172692\n",
      "\n",
      "2 dot 14: -0.19526520097015\n",
      "\n",
      "2 dot 15: 0.55048147814833\n",
      "\n",
      "3 dot 3: 4.87534728350211\n",
      "\n",
      "3 dot 4: 0.26621300015627\n",
      "\n",
      "3 dot 5: 0.5669978734467\n",
      "\n",
      "3 dot 6: -1.19825783237831\n",
      "\n",
      "3 dot 7: -0.40528473456935\n",
      "\n",
      "3 dot 8: -0.33574886736281\n",
      "\n",
      "3 dot 9: 0.13462187770787\n",
      "\n",
      "3 dot 10: -0.18850540388586\n",
      "\n",
      "3 dot 11: 0.67547455761559\n",
      "\n",
      "3 dot 12: -0.40528473456935\n",
      "\n",
      "3 dot 13: -0.30709629458499\n",
      "\n",
      "3 dot 14: 0.39106089118041\n",
      "\n",
      "3 dot 15: 0.33574886736281\n",
      "\n",
      "4 dot 4: 4.87534728350211\n",
      "\n",
      "4 dot 5: 1.24822428011711\n",
      "\n",
      "4 dot 6: 0.44636819765208\n",
      "\n",
      "4 dot 7: 0.40528473456935\n",
      "\n",
      "4 dot 8: -0.33574886736281\n",
      "\n",
      "4 dot 9: -0.0381014067547\n",
      "\n",
      "4 dot 10: 0.2284854920013\n",
      "\n",
      "4 dot 11: 0.40528473456935\n",
      "\n",
      "4 dot 12: -0.67547455761559\n",
      "\n",
      "4 dot 13: 0.49367168038884\n",
      "\n",
      "4 dot 14: 0.05937193563222\n",
      "\n",
      "4 dot 15: 0.33574886736281\n",
      "\n",
      "5 dot 5: 4.18287728501151\n",
      "\n",
      "5 dot 6: 0.02328144551912\n",
      "\n",
      "5 dot 7: 0.46124287912982\n",
      "\n",
      "5 dot 8: -1.48808569647625\n",
      "\n",
      "5 dot 9: 0.5311081971316\n",
      "\n",
      "5 dot 10: -0.39137756112804\n",
      "\n",
      "5 dot 11: -0.05171413277469\n",
      "\n",
      "5 dot 12: 0.50547904140055\n",
      "\n",
      "5 dot 13: 0.22071890435965\n",
      "\n",
      "5 dot 14: -0.2005979385628\n",
      "\n",
      "5 dot 15: -0.2553151415685\n",
      "\n",
      "6 dot 6: 4.22944017604974\n",
      "\n",
      "6 dot 7: 1.11353881434322\n",
      "\n",
      "6 dot 8: 0.61638527745388\n",
      "\n",
      "6 dot 9: 0.39137756112804\n",
      "\n",
      "6 dot 10: -1.31386331938768\n",
      "\n",
      "6 dot 11: 0.66314118306932\n",
      "\n",
      "6 dot 12: 0.43234421346422\n",
      "\n",
      "6 dot 13: 0.64203574728211\n",
      "\n",
      "6 dot 14: -0.22071890435965\n",
      "\n",
      "6 dot 15: 0.10575499431688\n",
      "\n",
      "7 dot 7: 4.45813208026286\n",
      "\n",
      "7 dot 8: 0.0\n",
      "\n",
      "7 dot 9: 0.27674572747789\n",
      "\n",
      "7 dot 10: -0.66812328860593\n",
      "\n",
      "7 dot 11: -0.13509491152312\n",
      "\n",
      "7 dot 12: -0.13509491152312\n",
      "\n",
      "7 dot 13: 0.03391575726971\n",
      "\n",
      "7 dot 14: -0.01404836663927\n",
      "\n",
      "7 dot 15: -0.0\n",
      "\n",
      "8 dot 8: 2.43170840741611\n",
      "\n",
      "8 dot 9: 1.99983432779732\n",
      "\n",
      "8 dot 10: 0.82835850107293\n",
      "\n",
      "8 dot 11: 0.65229593521341\n",
      "\n",
      "8 dot 12: -0.65229593521341\n",
      "\n",
      "8 dot 13: 0.14125181681089\n",
      "\n",
      "8 dot 14: 0.3410120518547\n",
      "\n",
      "8 dot 15: 0.8105694691387\n",
      "\n",
      "9 dot 9: 2.97772451080736\n",
      "\n",
      "9 dot 10: 0.2723719823942\n",
      "\n",
      "9 dot 11: 0.36836807618361\n",
      "\n",
      "9 dot 12: -1.22577318309997\n",
      "\n",
      "9 dot 13: -0.37165514546138\n",
      "\n",
      "9 dot 14: 0.08844069683291\n",
      "\n",
      "9 dot 15: 0.34311732565146\n",
      "\n",
      "10 dot 10: 2.43298054601896\n",
      "\n",
      "10 dot 11: 1.3651369837496\n",
      "\n",
      "10 dot 12: 0.70482205381582\n",
      "\n",
      "10 dot 13: 0.83175098775567\n",
      "\n",
      "10 dot 14: -0.37165514546138\n",
      "\n",
      "10 dot 15: 0.14212384977002\n",
      "\n",
      "11 dot 11: 2.07012970239114\n",
      "\n",
      "11 dot 12: 0.47989559398331\n",
      "\n",
      "11 dot 13: 0.673826550055\n",
      "\n",
      "11 dot 14: -1.10052108699612\n",
      "\n",
      "11 dot 15: -0.6522959352134\n",
      "\n",
      "12 dot 12: 2.07012970239114\n",
      "\n",
      "12 dot 13: 1.25465324634118\n",
      "\n",
      "12 dot 14: 0.30171860056632\n",
      "\n",
      "12 dot 15: 0.6522959352134\n",
      "\n",
      "13 dot 13: 1.23655810353637\n",
      "\n",
      "13 dot 14: 0.33950572409414\n",
      "\n",
      "13 dot 15: 0.82327592052029\n",
      "\n",
      "14 dot 14: 1.91556955172465\n",
      "\n",
      "14 dot 15: 1.98756389289529\n",
      "\n",
      "15 dot 15: 2.43170840741611\n",
      "\n"
     ]
    }
   ],
   "source": [
    "DotEach(waves)"
   ]
  },
  {
   "cell_type": "markdown",
   "metadata": {},
   "source": [
    "The results in this cell do not."
   ]
  },
  {
   "cell_type": "code",
   "execution_count": 22,
   "metadata": {
    "scrolled": true
   },
   "outputs": [
    {
     "name": "stdout",
     "output_type": "stream",
     "text": [
      "\n",
      "W^TW:\n",
      "[[11.          2.17355586  0.90031632  0.63661977 -0.63661977  0.12430774  0.30010544  0.63661977 -0.          0.        ]\n",
      " [ 2.17355586  5.6449278   0.3091803   0.33185799 -1.08159875 -0.34201114 -0.0614757   0.2374103  -0.03912151 -0.22801689]\n",
      " [ 0.90031632  0.3091803   5.0265672   1.19775364  0.61228068  0.62254657 -0.34201114  0.09833857  0.09444769  0.55048148]\n",
      " [ 0.63661977  0.33185799  1.19775364  4.87534728  0.266213    0.56699787 -1.19825783 -0.40528473 -0.33574887  0.33574887]\n",
      " [-0.63661977 -1.08159875  0.61228068  0.266213    4.87534728  1.24822428  0.4463682   0.40528473 -0.33574887  0.33574887]\n",
      " [ 0.12430774 -0.34201114  0.62254657  0.56699787  1.24822428  4.18287729  0.02328145  0.46124288 -1.4880857  -0.25531514]\n",
      " [ 0.30010544 -0.0614757  -0.34201114 -1.19825783  0.4463682   0.02328145  4.22944018  1.11353881  0.61638528  0.10575499]\n",
      " [ 0.63661977  0.2374103   0.09833857 -0.40528473  0.40528473  0.46124288  1.11353881  4.45813208  0.         -0.        ]\n",
      " [-0.         -0.03912151  0.09444769 -0.33574887 -0.33574887 -1.4880857   0.61638528  0.          2.43170841  0.81056947]\n",
      " [ 0.         -0.22801689  0.55048148  0.33574887  0.33574887 -0.25531514  0.10575499 -0.          0.81056947  2.43170841]]\n",
      "\n",
      "determinant = 1270348.8286942923\n",
      "\n",
      "eigenvalues:\n",
      "[12.15244257  6.65574697  2.85212674  3.55376806  4.86526017  7.44703515  1.19156662  4.85086371  2.15703256  3.43021338]\n",
      "\n",
      "symmetry of W^TW:\n",
      "[[0. 0. 0. 0. 0. 0. 0. 0. 0. 0.]\n",
      " [0. 0. 0. 0. 0. 0. 0. 0. 0. 0.]\n",
      " [0. 0. 0. 0. 0. 0. 0. 0. 0. 0.]\n",
      " [0. 0. 0. 0. 0. 0. 0. 0. 0. 0.]\n",
      " [0. 0. 0. 0. 0. 0. 0. 0. 0. 0.]\n",
      " [0. 0. 0. 0. 0. 0. 0. 0. 0. 0.]\n",
      " [0. 0. 0. 0. 0. 0. 0. 0. 0. 0.]\n",
      " [0. 0. 0. 0. 0. 0. 0. 0. 0. 0.]\n",
      " [0. 0. 0. 0. 0. 0. 0. 0. 0. 0.]\n",
      " [0. 0. 0. 0. 0. 0. 0. 0. 0. 0.]]\n",
      "\n",
      "(W^TW)^-1:\n",
      "[[ 0.10132281 -0.03541284 -0.01466848 -0.01072932  0.01072932 -0.00417295 -0.0100744  -0.01126215  0.         -0.        ]\n",
      " [-0.03541284  0.20175123 -0.01184606 -0.0118903   0.03915149  0.01593882 -0.00241208 -0.0111124   0.01270922  0.01537751]\n",
      " [-0.01466848 -0.01184606  0.22544336 -0.04347827 -0.02233606 -0.03428971  0.01593882 -0.00460291 -0.03068277 -0.03712459]\n",
      " [-0.01072932 -0.0118903  -0.04347827  0.24066869 -0.00934983 -0.022385    0.06161726  0.01277875  0.01522393 -0.03331562]\n",
      " [ 0.01072932  0.03915149 -0.02233606 -0.00934983  0.24066869 -0.05939857 -0.0277414  -0.01277875  0.01522393 -0.03331562]\n",
      " [-0.00417295  0.01593882 -0.03428971 -0.022385   -0.05939857  0.34395966 -0.02833534 -0.02464056  0.21225007 -0.01285508]\n",
      " [-0.0100744  -0.00241208  0.01593882  0.06161726 -0.0277414  -0.02833534  0.28728898 -0.05948757 -0.08791686  0.00532475]\n",
      " [-0.01126215 -0.0111124  -0.00460291  0.01277875 -0.01277875 -0.02464056 -0.05948757  0.2463421  -0.          0.        ]\n",
      " [ 0.          0.01270922 -0.03068277  0.01522393  0.01522393  0.21225007 -0.08791686 -0.          0.62886513 -0.17957959]\n",
      " [-0.          0.01537751 -0.03712459 -0.03331562 -0.03331562 -0.01285508  0.00532475  0.         -0.17957959  0.48855801]]\n",
      "\n",
      "symmetry of (W^TW)^-1:\n",
